100 99 94 87 81 78 78 83 92103113119121118109 95 79 64 52 47 49 58 70 8323 1 1D8 0 9100115412299999999999999 522 771912 4799999999999999
 93101104102 98 94 91 91 94102111119124125119107 90 71 53 40 34 37 48 6323 1 2D8 2 8104123712599999999999999 629 9020 9 3499999999999999
 80 96107112112108103 98 97 99106115123128128121106 85 63 43 29 24 29 4323 1 3D8 329112132812999999999999999 752 972059 2499999999999999
 63 84102115121119114106100 98101108119128133132121102 78 53 32 19 16 2523 1 4D8 419121141713499999999999999 858 982142 1699999999999999
 44 68 92111124127123115105 98 96101111123134138133119 96 69 43 22 11 1223 1 5D8 45612715 213899999999999999 947 962223 1099999999999999
 26 50 77102121131131123111100 93 94101114128139141132114 87 58 32 13  623 1 6D8 5281321543141999999999999991028 9323 0  699999999999999
 13 32 59 88113129135130119105 94 89 93104119133142140127104 76 46 21  723 1 7D8 6 013516211429999999999999911 5 892335  499999999999999
  6 18 42 72101123135135126112 98 88 87 94108124137142135118 92 62 34 1423 1 8D8 6311361657142999999999999991141 86999999999999999999999
  5 10 28 55 86113130136131119104 91 84 87 97113128138138127106 78 49 2523 1 9D8 7 1136173113999999999999999 0 9  41215 8499999999999999
  9  7 18 41 71100122134134125110 95 85 82 88101116130136131116 93 65 3923 110D8 73113518 513699999999999999 041  61249 8299999999999999
 20 11 15 32 57 86111128133128115100 87 80 81 90103118128130122104 81 5523 111D8 758133184113099999999999999 111 111324 8099999999999999
 34 20 18 28 48 75100120130129119105 91 80 76 80 90103116123122112 94 7323 112D8 824131192212499999999999999 141 1814 1 7699999999999999
 51 35 28 31 45 67 91112125128122110 95 82 73 72 77 87100111116113103 8823 113D8 849128201111699999999999999 212 281444 7299999999999999
 70 54 44 42 49 64 84104119126124114100 86 74 67 66 71 81 92102107106 9923 114D8 915126211810799999999999999 244 411536 6599999999999999
 87 75 64 58 59 68 82 98113122124119107 93 78 66 59 58 62 71 81 91 9810123 115D8 94412423 010199999999999999 321 581645 5899999999999999
 99 93 85 79 76 78 85 95108118123122115103 88 73 60 50 47 49 57 68 81 9223 116D81022124999999999999999999999 410 7618 6 4799999999999999
100104103100 96 93 93 97104113120124122115103 87 69 52 40 33 34 41 55 7223 117D8 123104111412499999999999999 527 921926 3299999999999999
 89103113117115111106103104108115122126126119105 87 65 44 27 17 17 26 4423 118D8 312117122512799999999999999 7221032033 1699999999999999
 67 90110124130128122114107105108116125131132125109 87 60 34 13  2  2 1423 119D8 415130133813399999999999999 8541052130  099999999999999
 37 65 95119135140136126115106103107118129138140131112 85 54 24  0-12 -923 120D8 5 2140144114199999999999999 9531032221-1399999999999999
  7 35 69102128143146138124110100 99106120136146147136113 81 46 13-10-2023 121D8 5421461536148999999999999991039 9823 8-2199999999999999
-14  7 40 77111136147145133116101 93 94106124141152151137110 75 38  6-1623 122D8 6201481627153999999999999991120 922352-2299999999999999
-22-11 15 51 89120140146139123104 90 85 90106126144154150133104 68 32  223 123D8 6541461715154999999999999991159 85999999999999999999999
-15-15  1 30 66101128141140128109 91 79 77 87105126143150144125 95 61 2923 124D8 72614218 315099999999999999 033-171239 7699999999999999
  5 -5  0 20 50 84113132137130114 94 77 68 70 83102123138142134114 87 5723 125D8 755138185114299999999999999 111 -61320 6899999999999999
 31 15 11 22 44 72101122132130118 99 80 66 60 65 79 97116128130121103 8023 126D8 820133194113099999999999999 145 1114 4 6099999999999999
 57 39 31 33 47 69 93114126129121105 86 69 57 54 60 73 90106115116108 9423 127D8 842129203611699999999999999 216 301451 5499999999999999
 78 63 53 51 58 72 91109122126122111 94 76 61 51 49 55 67 81 93101103 9823 128D8 9 2126214410399999999999999 243 501546 4999999999999999
 90 80 72 69 72 80 93107118124123116103 87 71 57 48 46 50 59 70 81 89 9323 129D8 9221252330 9499999999999999 3 5 691653 4699999999999999
 93 91 87 85 86 90 97106115121122119111 99 84 69 56 46 42 44 50 60 71 8123 130D8 950122999999999999999999999 320 851814 4299999999999999
 89 94 96 97 98 99102106111116119119116110 99 86 70 56 44 37 36 42 52 6523 131D810391199999999999999999999991936 36999999999999999999999
 78 90 99105107107107106107109112115118117112103 88 71 54 39 30 28 35 4723 2 1D8 432107121911899999999999999 7 41062042 2899999999999999
 64 82 97108114115112107103101103108114119121117107 90 70 49 32 22 21 3123 2 2D8 438115135312199999999999999 9 31012133 2099999999999999
 48 69 90108119122118111102 95 93 97105115124127122108 88 63 40 22 14 1723 2 3D8 456122145512799999999999999 951 932213 1399999999999999
 31 54 79103119127125116104 93 86 86 94107120130132124106 81 53 29 12  823 2 4D8 5181271542132999999999999991028 852249  899999999999999
 17 38 65 93116129131124110 94 82 78 82 95112127136134121 98 69 40 17  523 2 5D8 54113216211369999999999999911 0 782321  499999999999999
  8 24 50 81109128135131117 99 83 73 73 83100119133138131113 85 55 27  923 2 6D8 6 51351657138999999999999991131 722350  499999999999999
  4 14 37 68 99123136136124106 86 72 67 72 87106125137137124100 71 41 1823 2 7D8 62913717301389999999999999912 1 67999999999999999999999
  6  9 27 55 87115133138130112 92 74 63 63 74 92113129136131113 87 58 3223 2 8D8 65113818 413699999999999999 018  61230 6299999999999999
 15 12 23 46 76106128137133118 97 77 62 56 62 77 97117130132122102 76 5023 2 9D8 711137184013399999999999999 044 111259 5699999999999999
 30 21 25 42 69 97121134134122103 81 63 52 52 62 80100118127125112 92 6923 210D8 730136192012799999999999999 111 211330 5199999999999999
 48 36 34 45 65 91114130134126108 87 66 51 45 50 62 80 99114120116104 8623 211D8 74813420 712099999999999999 137 3314 5 4599999999999999
 68 55 49 54 68 88109125132128114 94 73 55 44 41 47 60 77 93105110107 9823 212D8 8 813221 711099999999999999 2 4 491447 4199999999999999
 86 75 68 68 75 89105120129129120104 84 65 49 40 38 43 55 69 83 9410010123 213D8 830131224110199999999999999 232 671544 3899999999999999
 98 93 87 85 87 94105116125128124113 98 80 62 48 38 35 37 45 56 70 82 9223 214D8 858128999999999999999999999 3 2 8517 6 3599999999999999
 99103103103103104108113119123124119110 97 82 65 50 37 29 27 31 41 55 7223 215D8 9391249999999999999999999991851 27999999999999999999999
 88102112117118116114113113116118120119114104 89 71 52 34 20 14 16 26 4423 216D8 349118111112099999999999999 7171132018 1399999999999999
 66 89109123130129123116110107109114119123122114 98 77 52 28 10  0  2 1523 217D8 423130131812399999999999999 9 81072121 -199999999999999
 39 67 96120134138133122109100 97101111123131133125106 80 49 21 -1-11 -723 218D8 454138144113399999999999999 955 972212-1299999999999999
 12 41 75107130142141129112 96 87 86 96112129141143132110 78 44 12 -9-1623 219D8 5231431541144999999999999991032 852256-1699999999999999
 -7 17 52 88119139144135118 97 80 73 77 93114135148149135108 74 37  7-1123 220D8 55114416331509999999999999911 8 722336-1499999999999999
-13  3 32 69104130143139123101 78 63 60 71 92117140152149132102 67 33  723 221D8 6171431721152999999999999991143 60999999999999999999999
 -5  0 22 54 89119137140128106 81 60 49 51 67 92119140149143124 94 61 3223 222D8 64114118 714999999999999999 012 -51219 4899999999999999
 14 10 22 47 79109131138132113 87 62 44 38 46 66 93118136141133113 86 5923 223D8 7 1139185214299999999999999 045  91256 3899999999999999
 38 28 32 49 74102124135133118 95 69 47 34 33 45 67 92114128130120102 8023 224D8 720136193913099999999999999 113 281333 3299999999999999
 61 49 47 57 76 99120132133123103 79 55 37 29 33 46 67 89107116116107 9323 225D8 736134202811799999999999999 138 461413 2999999999999999
 79 68 64 69 81 99117129132126111 90 67 48 35 30 35 49 66 84 97104103 9823 226D8 751132212610599999999999999 157 641457 3099999999999999
 89 82 78 80 88101114125129126116100 81 63 47 38 35 39 50 63 76 87 93 9423 227D8 8 71292257 9499999999999999 2 9 781552 3599999999999999
 93 90 89 91 95103112119124123118107 93 79 64 52 44 40 42 48 58 68 77 8523 228D8 825124999999999999999999999 2 3 891711 4099999999999999
 90 94 96 99101105109113116117115110103 93 82 70 59 49 42 40 43 50 61 7223 3 1D8 8481179999999999999999999991854 40999999999999999999999
 83 92100105107108108107107107107108107104 98 90 78 64 51 40 35 36 44 5723 3 2D8 5 6108104410899999999999999 8121072018 3599999999999999
 72 87100109113113109103 98 96 96100105109110106 97 82 64 47 34 27 30 4123 3 3D8 421114134811099999999999999 919 962113 2799999999999999
 59 79 98112119119113103 93 86 84 88 97107116119114101 81 59 38 24 20 2723 3 4D8 429120145411999999999999999 948 842152 2099999999999999
 44 67 91111124126120107 92 79 73 75 85100115125126117 99 74 48 27 16 1723 3 5D8 4451261539127999999999999991015 732225 1599999999999999
 31 54 82107125132127113 95 77 66 64 72 88108124133130115 91 63 36 18 1223 3 6D8 5 41321616133999999999999991042 632254 1299999999999999
 21 42 71100124136134121101 79 62 55 59 74 95117133137129108 80 50 26 1423 3 7D8 52413716511389999999999999911 9 542322 1399999999999999
 16 32 60 91119136139129108 84 62 49 47 59 80105126138137122 97 67 40 2223 3 8D8 5441401725140999999999999991136 462349 1799999999999999
 17 28 51 82112133141134116 90 65 46 39 45 63 88114133140133113 86 58 3623 3 9D8 6 214118 01409999999999999912 3 39999999999999999999999
 26 29 47 74104129141138122 97 70 47 34 34 46 69 96120134136125104 78 5523 310D8 620142183813799999999999999 015 251231 3299999999999999
 40 38 49 71 98123138140128105 77 51 33 26 32 50 75101121131129116 96 7523 311D8 637141192013299999999999999 041 3713 1 2699999999999999
 58 51 56 71 94117135140132113 86 59 37 24 23 34 53 78101117124121109 9323 312D8 65514020 812499999999999999 1 7 511335 2299999999999999
 78 68 68 77 94113130138135121 98 71 47 29 21 24 36 54 76 9510911411210423 313D8 715139211011499999999999999 133 671416 2199999999999999
 94 86 83 87 97111125134135126109 86 63 43 29 23 26 36 51 69 85 9710410623 314D8 736136225310699999999999999 159 831510 2399999999999999
104101 98 99103111120128131127117101 82 63 46 34 27 27 33 44 58 72 86 9723 315D8 8 1131999999999999999999999 221 981632 2699999999999999
104109111112112114117120123123119111100 86 70 55 41 31 25 26 32 44 60 7723 316D8 8321239999999999999999999991826 25999999999999999999999
 94108117122122120116113112113113114111106 96 82 65 48 32 20 16 20 33 5223 317D8 335123103411499999999999999 81511220 1 1699999999999999
 75 98116127131127119109102 99101106113117117109 95 74 51 29 13  7 12 2823 318D8 356131132611899999999999999 9 7 9921 5  799999999999999
 52 81107127136134124109 94 85 83 90103117127130122104 79 50 24  7  1 1023 319D8 420136144713099999999999999 941 832154  199999999999999
 31 61 93120136139130112 91 74 66 69 83104124138141131109 79 47 20  4  323 320D8 4441401545142999999999999991013 662235  299999999999999
 17 44 78109132142136118 93 70 53 50 60 81108132147148134108 76 44 20  923 321D8 5 71421635149999999999999991046 492311  999999999999999
 14 34 65 98125141140125 99 71 47 35 38 55 83113138151148131103 72 43 2523 322D8 5281421721152999999999999991120 342344 2199999999999999
 21 33 58 89118137142131108 78 49 29 23 32 56 87118140149143124 96 69 4723 323D8 54814318 5149999999999999991154 22999999999999999999999
 36 40 58 84112133142136117 88 57 31 17 17 33 60 92120138142133114 90 6923 324D8 6 6142184914399999999999999 014 361228 1599999999999999
 55 53 63 83108129141139124 99 69 40 20 12 19 38 66 95118131132122105 8723 325D8 624142193313399999999999999 040 5213 3 1299999999999999
 73 67 72 86105125138140130109 82 54 31 17 15 25 46 71 95113121120111 9823 326D8 641140201912299999999999999 1 3 671340 1599999999999999
 86 80 81 90104120133137132117 95 70 47 30 22 23 35 53 74 9310511010910323 327D8 658137211311199999999999999 122 801420 2199999999999999
 95 90 89 94104115126132130120104 84 65 47 36 31 33 43 57 73 87 9610110123 328D8 716132223410199999999999999 137 8915 9 3199999999999999
 99 97 96 99104111118123123118108 95 81 66 54 45 41 42 48 58 69 80 89 9523 329D8 735124999999999999999999999 143 961618 4099999999999999
 99101102103105108110113113112108101 93 83 73 63 54 48 46 48 54 64 75 8523 330D8 75111399999999999999999999918 1 46999999999999999999999
 95102107109109107105103101101101101100 97 91 82 72 60 50 45 44 50 60 7423 331D8 3251099999999999999999999991934 44999999999999999999999
 88101110115114109102 95 90 88 90 94100104105100 90 76 61 47 39 39 46 6123 4 1D8 323115133910599999999999999 9 0 882034 3899999999999999
 79 97111120121115104 92 81 75 76 83 94105113115108 94 75 56 41 33 36 4823 4 2D8 337122144211599999999999999 922 752115 3399999999999999
 68 90110124128123109 92 76 65 62 69 83100115124123112 93 70 48 34 30 3823 4 3D8 355128152612599999999999999 947 622149 3099999999999999
 57 82106125134131117 97 75 58 50 54 68 88110127133128111 87 62 41 30 3323 4 4D8 41413416 4133999999999999991013 502220 3099999999999999
 48 72100124137138126104 79 56 42 40 51 72 98122137139128107 80 55 38 3323 4 5D8 4331391641140999999999999991039 392249 3399999999999999
 43 64 92119138143134113 85 58 37 29 34 53 80109132143140124100 73 52 4123 4 6D8 45214317181449999999999999911 6 292318 4099999999999999
 44 60 86113135145140122 94 63 37 22 21 35 60 90119139145138119 94 70 5423 4 7D8 5111461757145999999999999991135 202347 5099999999999999
 51 60 81107131145145130104 72 43 21 13 19 39 67 99125140142132112 90 7223 4 8D8 52914718391439999999999999912 5 13999999999999999999999
 63 66 80103126143147137115 84 53 26 11  9 21 45 74103126137136125108 9023 4 9D8 549147192513899999999999999 016 631238  899999999999999
 79 76 84100120138146142125 98 67 38 17  8 11 26 50 7810312213012811910623 410D8 611147201813099999999999999 045 761315  799999999999999
 95 89 91101116132142143132111 84 56 32 16 11 16 31 53 76 9811312112111523 411D8 634144212812199999999999999 114 8914 0 1199999999999999
108102101105114125135139134121100 76 53 34 21 17 22 34 51 71 8910311211623 412D8 7 0139232211699999999999999 1461011458 1799999999999999
115113111111114120126130130124112 95 76 58 42 31 25 26 34 47 63 80 9510723 413D8 730131999999999999999999999 2281111620 2599999999999999
115119120119117116117118119119115107 97 83 69 54 41 32 28 31 40 55 73 9123 414D8 147120 81511999999999999999 51011618 5 2899999999999999
107119125126122116109105104105108109109105 96 82 66 50 36 27 27 35 51 7223 415D8 236126112011099999999999999 7571041933 2699999999999999
 94113126131128118106 94 87 86 91100109116117110 95 76 55 37 26 25 35 5423 416D8 3 5131133611799999999999999 839 862036 2499999999999999
 78103123134134124107 89 74 67 70 81 98114126129122105 82 58 38 27 28 4223 417D8 330135144913099999999999999 913 672125 2699999999999999
 64 92117134139131112 89 66 51 48 57 76100122137140131110 85 59 40 32 3823 418D8 353139154414199999999999999 947 4722 6 3299999999999999
 56 82109131141138120 94 66 43 31 34 50 77106131146146134111 84 60 45 4223 419D8 4141421633148999999999999991020 302241 4199999999999999
 53 75102127142143130104 73 43 23 17 26 50 82114138150147132108 83 63 5423 420D8 4351451718151999999999999991054 172314 5399999999999999
 57 73 97122141147138116 85 52 25  9 10 27 55 89120142149143126103 83 6923 421D8 45514718 2149999999999999991128  82343 6699999999999999
 66 75 94117137147144127 98 65 34 12  4 11 33 64 97124141144135118 99 8423 422D8 51614818451449999999999999912 2  4999999999999999999999
 77 80 94113132145146134111 81 50 24  8  6 19 43 73102125136135126111 9723 423D8 536147192813799999999999999 011 771238  599999999999999
 88 87 95109126139144138121 96 67 41 21 12 15 30 54 8010512112812611710623 424D8 558144201312899999999999999 037 861315 1199999999999999
 97 93 97106119131139137126107 84 59 38 25 20 26 42 63 8510411512011711123 425D8 62113921 512099999999999999 1 3 931355 2099999999999999
104100 99104113122130131126114 96 76 57 42 33 31 38 51 68 8610010911311223 426D8 646132221511399999999999999 132 991442 3199999999999999
108105103104108113119122120114103 90 75 61 50 43 42 46 57 70 84 9610510923 427D8 714122999999999999999999999 2111031542 4199999999999999
111110108106106106108110110109104 98 89 79 68 59 52 49 51 59 70 82 9410423 428D8 0 0111 75111099999999999999 4 010617 3 4999999999999999
111114113111106102 99 97 97 99100100 98 94 86 77 66 57 52 53 59 69 83 9723 429D8 125114103710099999999999999 724 971827 5299999999999999
108116119117111102 93 87 84 85 90 96101104102 95 84 71 59 52 52 59 72 8823 430D8 2 311913 710499999999999999 811 841934 5199999999999999
104117124124117105 91 79 71 70 75 86 98108114112103 88 72 59 51 52 62 7823 5 1D8 230125141611499999999999999 841 692024 5199999999999999
 98115127131125112 94 75 61 55 59 70 88105119125121108 90 72 57 52 56 7023 5 2D8 25313115 612599999999999999 9 9 5521 5 5299999999999999
 90112129137134121100 76 56 43 42 52 71 95116131135127110 89 70 58 55 6523 5 3D8 315137155013599999999999999 938 412141 5599999999999999
 83106127140141130109 82 56 36 28 33 51 77105128141141130110 88 70 61 6423 5 4D8 33714216321439999999999999910 7 282216 6199999999999999
 78100123141147140120 91 61 35 19 17 30 55 86116138148145130109 88 73 6923 5 5D8 3581471714148999999999999991038 162250 6999999999999999
 77 95118139150148131104 71 40 17  7 12 32 61 95124144150144127107 89 7923 5 6D8 4211511758150999999999999991110  72324 7999999999999999
 81 93113134149153142118 86 52 24  5  1 12 36 68102129145149140124107 9323 5 7D8 4451531845149999999999999991146  12358 8999999999999999
 89 94109128145153149131103 70 38 13  0  1 16 42 7410512914214413512210823 5 8D8 5111541937144999999999999991225 -1999999999999999999999
100 99107122138149151141119 89 58 29 10  1  6 22 48 7810512513613713012023 5 9D8 540152203513899999999999999 033 9813 9  199999999999999
111106108117129141147144130107 80 52 28 13  7 13 29 52 7810211912913112723 510D8 611147214613199999999999999 1121061359  799999999999999
120115112114121130137140134120 99 76 53 34 21 16 21 35 54 77 9711312312723 511D8 647140231112799999999999999 2 21121458 1699999999999999
126122117114115118124128128123112 97 78 60 44 32 27 29 40 56 75 9411012123 512D8 735128999999999999999999999 3231141610 2799999999999999
126127123117112109108111114115114109 99 86 71 56 44 37 37 44 58 75 9411023 513D8 031127 9 611599999999999999 5331081732 3699999999999999
122128128122112103 95 92 94 99105109110106 97 84 69 56 46 44 49 61 79 9823 514D8 124129114411099999999999999 7 8 921851 4399999999999999
116127132128116102 87 77 73 76 86 98109116117110 97 81 65 54 50 55 69 8823 515D8 2 0132133411799999999999999 8 1 731955 5099999999999999
108124134134124106 85 67 55 53 61 77 96114125128121107 89 72 61 58 65 8023 516D8 229135144712899999999999999 842 532048 5899999999999999
100120135139132115 91 66 45 35 38 52 74100121135137129113 94 77 67 67 7723 517D8 254139154413899999999999999 919 352132 6699999999999999
 95116134143141126101 72 45 26 20 28 49 77107130143143133116 97 82 75 7823 518D8 319144163314599999999999999 955 202210 7599999999999999
 92111131145147137115 85 53 27 12 11 26 53 85115137147145132115 97 85 8323 519D8 3441481718148999999999999991031  92244 8399999999999999
 91107126143151146128100 67 36 14  4 10 31 61 94123142148142128112 97 9023 520D8 4 915118 01489999999999999911 7  42317 8999999999999999
 92103121138150151139116 85 52 25  8  4 16 40 71103128142145137123108 9823 521D8 4351521842145999999999999991143  42350 9599999999999999
 95101114131144150145128102 71 42 19  8 10 26 52 8211013014013913011710623 522D8 5 31501924140999999999999991220  7999999999999999999999
 99100108122136145145135115 89 61 36 19 13 20 38 63 9011412913513212311223 523D8 53214620 713599999999999999 023 991259 1399999999999999
104101105114125135140136123102 79 55 35 24 22 31 49 73 9611512612912611823 524D8 6 2140205312999999999999999 0591011339 2299999999999999
110104103107115124130131124111 93 72 53 39 31 32 43 60 8010011512312512123 525D8 636132214512599999999999999 1411031422 3199999999999999
115108104104107112118122120114102 87 71 56 45 40 42 52 68 8610311512112223 526D8 716122224212399999999999999 2401041510 4099999999999999
119114108103101102105109111111106 97 86 73 61 53 49 52 61 75 9110511612223 527D8 815112234012399999999999999 4 910116 6 4999999999999999
122119113105 99 95 93 95 98102103102 97 90 79 69 61 57 59 68 80 9510911923 528D810 6103999999999999999999999 554 9317 9 5799999999999999
124124119110100 90 84 81 83 88 95101104103 97 88 78 69 64 66 74 8610111523 529D8 028125121510499999999999999 7 4 811816 6499999999999999
125129126117104 90 77 69 67 71 81 92103111112107 97 86 76 70 72 80 9410923 530D8 1 6129134311299999999999999 749 661918 7099999999999999
123132133126112 94 75 60 52 52 62 77 95111121123118106 93 81 76 78 8810323 531D8 139133144712399999999999999 826 512013 7699999999999999
120133139135122102 79 57 41 35 41 56 78101121132134127113 98 86 82 86 9823 6 1D8 2 9139154013599999999999999 9 2 3521 2 8299999999999999
115132143144134114 88 60 37 23 22 33 55 82110131143143133117102 91 88 9523 6 2D8 238145162914499999999999999 938 212146 8899999999999999
110128143150146129103 72 42 19  9 12 30 57 89119140150148136120105 96 9623 6 3D8 3 81501718151999999999999991016  82228 9599999999999999
106122140152154143120 89 55 26  6 -1  8 30 62 9612614615414913612010710123 6 4D8 34015518 6154999999999999991055 -123 810199999999999999
104117134150158154137109 75 41 13 -3 -5  8 34 6810213014815314713412010923 6 5D8 4131581856153999999999999991138 -6235010699999999999999
106112126142155158149128 98 64 31  7 -6 -4 12 40 7310613214615014313111923 6 6D8 4491581947150999999999999991223 -7999999999999999999999
111110118131146155154142119 88 56 27  6 -2  2 20 47 7910813114314413812723 6 7D8 527156204014599999999999999 0331101310 -399999999999999
117111112120132143149146132110 82 53 28 11  6 12 30 56 8411012913813913323 6 8D8 610149213414099999999999999 1211111359  699999999999999
123115110111117127136140135123103 79 55 35 21 18 25 41 65 9011112713413423 6 9D8 7 0140222713599999999999999 2201091451 1899999999999999
128119110105105109117124127124115100 81 62 46 35 33 39 54 74 9511412613223 610D8 8 4127231713299999999999999 3331041546 3299999999999999
131124114103 96 94 96102109114115110100 87 72 59 51 49 54 67 8410211712723 611D8 937115999999999999999999999 459 941646 4999999999999999
131128119106 94 83 79 80 86 95103109110105 97 85 74 67 64 69 79 9310912223 612D8 0 2131114111099999999999999 618 781752 6499999999999999
130132126113 97 80 68 61 62 71 83 96107113113108 99 88 81 78 81 9010311723 613D8 042132133111499999999999999 720 6119 0 7899999999999999
129135133123106 85 65 50 44 47 59 76 95111121123119110 99 91 88 9110011323 614D8 118135145112399999999999999 810 4320 3 8899999999999999
126136139133118 96 71 49 33 29 36 52 75 98117129132127117106 98 95 9910923 615D8 152139155113299999999999999 854 292057 9599999999999999
122135143142131111 84 57 33 20 19 30 52 79105126137139132121109101 9910523 616D8 226144163913999999999999999 935 182142 9999999999999999
117132144148143127101 71 43 21 11 14 31 57 8711413414314113212010810210323 617D8 3 01481721143999999999999991015 10222310199999999999999
111125140149150140119 90 59 31 13  7 16 37 67 9712314014514012911610610223 618D8 33515118 0145999999999999991053  723 110299999999999999
106117132145152148133108 78 48 23  9  9 23 47 7810713014314413612411110323 619D8 4101521837145999999999999991131  7233810199999999999999
102109122136147150142123 96 66 39 19 10 15 33 60 9011613514314013011810623 620D8 44615019141439999999999999912 9 10999999999999999999999
101103112125138145144132111 84 57 33 18 15 24 45 7210112313714013512411223 621D8 521146195014199999999999999 0161011246 1499999999999999
103100104113126136140135121 99 74 50 31 21 23 36 58 8511012813713612911723 622D8 558140202613899999999999999 0561001322 2099999999999999
107100 99104113124132132125109 89 66 46 32 28 34 50 72 9711713113513212323 623D8 63613321 113599999999999999 140 981357 2899999999999999
112102 97 97102111119124123114100 82 63 47 38 38 47 64 8610712313213212623 624D8 719125213513399999999999999 229 961433 3799999999999999
117106 97 93 93 98105112116114107 94 79 65 53 48 51 61 78 9711512713112923 625D8 813116221013199999999999999 326 921511 4899999999999999
122111100 91 86 86 90 97103107107103 94 83 72 63 61 65 76 9110712112913123 626D8 929108224613199999999999999 433 851555 6199999999999999
126117105 93 83 77 76 79 86 94101105104 99 91 83 76 75 79 8810111512513123 627D81118105232513299999999999999 543 751649 7499999999999999
131124113 98 84 72 64 62 67 76 87 98106110108103 96 90 88 90 9810912113023 628D81311110999999999999999999999 646 621759 8899999999999999
134132123108 90 72 58 49 47 54 67 83 99112120121116109102 98 9910611612723 629D8 0 9134143912199999999999999 740 471917 9899999999999999
136139134122103 81 59 42 32 32 42 60 8210412113113312811911010510511112223 630D8 055139154413399999999999999 830 31202810499999999999999
134142144136120 96 69 44 25 16 19 33 57 8411113114214413712611510910911723 7 1D8 141144163814499999999999999 917 16212710899999999999999
129141150149138117 88 57 30 10  3  9 28 57 8911914015115014112811611011223 7 2D8 22815117261529999999999999910 3  3221711099999999999999
121136149156153137112 79 45 17 -2 -6  4 28 61 9612614715515214012611411023 7 3D8 3131561811156999999999999991049 -723 211099999999999999
114126142155160154134105 70 35  7 -9-10  4 32 6710313315115614913612111123 7 4D8 3581601854156999999999999991134-11234610899999999999999
108115129145158161151129 97 61 28  3-10 -7 11 41 7711113715115214312911523 7 5D8 4441611936153999999999999991220-11999999999999999999999
106106115130146156156144121 89 56 25  4 -4  2 23 54 8811813914914613512023 7 6D8 532158201514999999999999999 03110513 4 -499999999999999
107100102112127141150148135112 83 53 28 11  8 18 40 69 9912414014413812523 7 7D8 621151205214499999999999999 118 991346  799999999999999
110 98 93 95106120133139137125105 80 56 36 25 26 38 60 8611012913813812923 7 8D8 715140212613999999999999999 210 931427 2499999999999999
115100 89 84 87 96109120126125115100 81 63 49 43 47 60 7910111913113513123 7 9D8 818127215813599999999999999 3 8 8415 7 4399999999999999
120106 91 80 75 76 85 96106113114109 99 86 74 66 64 69 81 9711312513213223 710D8 938114223013399999999999999 414 741547 6499999999999999
125113 98 82 70 64 64 71 82 93102106106102 95 88 84 84 89 9810912112913323 711D8112810723 513399999999999999 525 631633 8399999999999999
130122108 91 74 61 53 52 58 69 82 94104109109107103100 9910210911712613223 712D81339109235013499999999999999 636 511738 9999999999999999
134130120104 86 67 51 41 40 47 60 76 9210611511911811511110911011412112923 713D81518119999999999999999999999 740 39191210999999999999999
134136131119102 80 58 41 31 30 39 55 75 9611212312812612211611211211612323 714D8 045136161312899999999999999 834 29203411199999999999999
131138139133119 98 73 50 31 22 23 35 56 8010312213213513112311511011011523 715D8 142139165013599999999999999 922 21213110999999999999999
125135142142134117 92 65 40 22 15 20 37 62 8911413113913813011911010510723 716D8 23514317211409999999999999910 5 15221510599999999999999
115127139146145133112 84 55 31 15 12 22 44 7310112513914313712511210310023 717D8 3211471751143999999999999991044 12225410099999999999999
104116131143148144128103 74 45 22 11 13 29 56 86114135144142132118104 9623 718D8 4 41481819145999999999999991120 102330 9599999999999999
 96104119134145148139119 92 62 35 17 11 20 41 70101126142145138124108 9623 719D8 4431481848145999999999999991154 11999999999999999999999
 91 94106122137145143130107 79 50 28 15 16 31 57 87115136145142131115 9923 720D8 520145191514599999999999999 0 6 911226 1499999999999999
 90 88 95108124137141135118 94 67 42 25 19 27 47 7510412714114313512110423 721D8 556141194114499999999999999 042 871255 1999999999999999
 91 84 86 96110125134134124106 82 58 39 28 29 43 66 9311813614213812610923 722D8 63313520 514299999999999999 117 841324 2799999999999999
 94 83 80 85 96110122128126114 96 75 55 42 38 45 62 8511012913913912911523 723D8 713128202814099999999999999 154 801352 3899999999999999
 98 85 77 76 82 94107117121117106 90 73 59 52 53 64 8210312213513813212023 724D8 8 1121205013899999999999999 235 751421 5199999999999999
104 88 76 70 71 78 89100109113110102 90 78 70 67 72 8410011713013613412523 725D8 9 3113211513799999999999999 322 701452 6799999999999999
111 95 80 69 63 64 70 80 91101106106102 96 89 85 85 9010011312513313513023 726D81035107214713699999999999999 422 631531 8499999999999999
119105 88 73 62 55 54 59 69 81 9210210710910710410210210511212112913413423 727D81257109223113599999999999999 536 54163010199999999999999
128117102 85 68 54 45 42 46 56 70 8610111211912111911611411511812413013523 728D81459121233713699999999999999 655 42182511499999999999999
135130119103 83 63 45 32 27 31 43 62 8310412113113513212712111811912313023 729D816 1135999999999999999999999 8 4 27201811799999999999999
137139135124105 82 56 34 18 12 17 33 57 8511113214314514013012111511612223 730D8 056139164414599999999999999 9 3 12212611599999999999999
132142146143129107 79 49 22  4 -1  7 28 58 9112114215215014112711511011223 731D8 2 7146172215299999999999999 955 -1221410999999999999999
121135148154150133107 74 40 11 -6 -9  3 30 6410013115015614913511910610223 8 1D8 3 71541757156999999999999991042-10225610299999999999999
108122139154160153133103 67 32  4-11-10  8 39 76112140154154142125107 9523 8 2D8 4 01601830156999999999999991126-132337 9399999999999999
 94104122142157161152130 97 60 26  2 -9 -2 20 54 91124146153147131111 9323 8 3D8 45116219 11539999999999999912 7 -9999999999999999999999
 84 87101121142156158146122 90 55 26  7  2 14 40 74107134148148135116 9523 8 4D8 540159193014999999999999999 017 841245  299999999999999
 80 74 80 97118138150150137113 84 54 31 19 21 38 64 9512214014513812210123 8 5D8 630151195514599999999999999 059 741321 1899999999999999
 81 68 66 75 92112130139138125105 81 58 43 38 46 64 8911313214113912610723 8 6D8 722140201714299999999999999 143 661353 3899999999999999
 87 69 60 60 69 86104119126125115 99 82 68 60 61 72 8910912713713813011523 8 7D8 819127203713999999999999999 231 581421 5999999999999999
 96 76 62 54 55 64 78 94106113113107 98 88 81 80 84 9510912313313713212123 8 8D8 929114205713799999999999999 324 531445 7999999999999999
106 88 71 57 50 51 58 69 82 94102105104101 98 96 9810311212112913413312723 8 9D81116105212013499999999999999 429 5015 1 9699999999999999
116101 85 69 56 48 46 51 60 72 84 9410210610810911011211512012512913112923 810D822 0131999999999999999999999 547 46999999999999999999999
123114101 86 70 55 45 41 43 52 64 79 9210411311711911911911912012212512723 811D81628120233412799999999999999 7 9 41184011999999999999999
127124116104 88 70 54 41 34 36 45 61 79 9611112212612612311811411311512023 812D81626127999999999999999999999 817 34205011399999999999999
125129128121108 90 69 49 34 27 31 43 63 8510612213113212711911110510510923 813D8 123129164113299999999999999 910 27213710499999999999999
118127133134126110 87 63 41 26 21 29 46 71 96118133137133123110100 95 9723 814D8 23313517 013799999999999999 953 212212 9599999999999999
106119132140138127107 80 53 31 18 19 32 56 84111131141140129114 98 88 8623 815D8 3241401722142999999999999991029 172244 8699999999999999
 93107124138144139123 98 69 42 22 15 22 42 71101127142145136120101 86 7823 816D8 4 514417441459999999999999911 1 152315 7899999999999999
 81 93112130143145135114 86 56 31 17 17 32 58 89119139148143128107 88 7523 817D8 44214618 6148999999999999991130 152346 7299999999999999
 72 80 97118136145142127102 72 45 25 19 27 48 78109134147147134114 93 7523 818D8 5171451828149999999999999991157 19999999999999999999999
 67 70 83103124138143135115 89 61 38 26 28 43 69100127144148139121 98 7823 819D8 551143184814899999999999999 015 671223 2599999999999999
 65 62 70 87108127138137125103 78 55 39 35 44 65 92119139147142126104 8223 820D8 62713919 614799999999999999 045 621249 3599999999999999
 65 57 60 72 91111127133129115 94 73 56 48 51 65 88113133144143130110 8823 821D8 7 6133192414599999999999999 115 571314 4799999999999999
 68 56 53 59 74 93111123126120107 90 74 64 63 71 88109128141143134117 9523 822D8 751126194214499999999999999 148 521339 6299999999999999
 74 58 49 50 58 73 90106115118113103 92 83 79 82 9210712413614113712410523 823D8 84911820 214199999999999999 227 4814 4 7999999999999999
 84 66 52 46 48 56 68 83 97106110109105100 96 9610111012113213813713011623 824D81018110202713999999999999999 319 461430 9699999999999999
 98 80 63 51 44 44 49 59 72 85 9610511011211211211311612112713213413212523 825D821 3135999999999999999999999 434 43999999999999999999999
113 98 81 65 52 42 37 39 46 58 74 8910411512212612612512412412512812912923 826D81534126222113099999999999999 615 37182812399999999999999
125116104 88 70 52 37 27 25 32 46 65 8710812413513813512912311911812112623 827D81559138999999999999999999999 745 25204111899999999999999
130130125114 96 73 50 29 16 12 19 37 63 9111713614514513712511410810811523 828D8 039131162714699999999999999 851 12212910799999999999999
125135140137124102 74 45 20  4  1 12 36 67100128146151145131114100 94 9823 829D8 210140165515199999999999999 943  122 6 9499999999999999
111127142150147131105 72 38 12 -3 -2 14 44 79114140153151137117 97 84 8123 830D8 3141511722154999999999999991028 -52242 8199999999999999
 91110132150158153133103 67 33  8 -3  3 26 60 96128149153143123 98 78 6723 831D8 4 715917481549999999999999911 8 -32318 6799999999999999
 70 86110136155162153130 97 62 31 11  6 19 46 81115140152147129104 78 6023 9 1D8 4571621812152999999999999991145  62355 5499999999999999
 54 63 84111138155159147123 91 59 34 21 24 43 71104131147148135111 84 6023 9 2D8 5441591834150999999999999991219 21999999999999999999999
 46 45 59 83111136150151138114 87 61 44 39 49 70 97124142147139119 92 6623 9 3D8 632152185314799999999999999 032 431250 3999999999999999
 46 37 41 58 83109130141139126107 85 68 60 62 76 96119137145141126102 7623 9 4D8 721142191014599999999999999 111 361316 5999999999999999
 53 38 34 41 59 82104121129126116102 88 79 78 85100117133142141130112 8923 9 5D8 815129192614399999999999999 152 331338 7899999999999999
 66 48 37 35 44 60 79 97110116115109101 95 93 9710511713013813913311910123 9 6D8 919116194114099999999999999 238 351352 9399999999999999
 81 63 49 41 40 47 59 74 88 9910510710610510410611111812613213413112311123 9 7D811 6107195613499999999999999 334 39134410499999999999999
 96 80 66 54 47 45 48 57 68 80 90 9810410911111411611912212512612512211623 9 8D82012126999999999999999999999 452 45999999999999999999999
107 97 86 73 62 52 47 47 52 61 73 86 9810811511912112011911711611611611523 9 9D81611121999999999999999999999 632 46999999999999999999999
114110104 94 81 66 54 45 42 46 56 71 8810311612312512311711110510310510923 910D81554125999999999999999999999 754 4221 710399999999999999
114118118112101 85 67 50 39 36 42 56 76 96114126131128119108 97 91 91 9723 911D8 13311816 413199999999999999 850 362131 9099999999999999
107118125127119104 83 61 42 32 32 43 63 87110128136134124109 93 82 78 8323 912D8 239127162013799999999999999 930 302157 7899999999999999
 95111126134133122101 76 52 34 27 32 50 76103126140141132114 94 77 68 6923 913D8 32513516381429999999999999910 3 272224 6799999999999999
 80 99119135141136118 93 65 41 27 27 40 65 94122141147140122 99 77 62 5723 914D8 4 21411658147999999999999991032 252251 5799999999999999
 65 84107129143144132110 81 54 34 27 34 55 85115138150146131107 81 60 5023 915D8 43714517171509999999999999911 0 272318 5099999999999999
 53 68 92117137146142125 99 70 47 33 34 50 76107133149150138114 87 62 4723 916D8 5111471736152999999999999991126 322344 4399999999999999
 43 54 75101126142146136115 88 63 46 41 50 71 99127146152143122 94 67 4723 917D8 5451461753152999999999999991151 40999999999999999999999
 37 42 58 83110132143141127105 81 62 52 55 70 94120141151146128102 74 5023 918D8 622144181015199999999999999 011 371217 5299999999999999
 35 33 44 64 90115133139134119 99 80 68 66 75 93115136148148134110 83 5723 919D8 7 2139182715099999999999999 039 321242 6599999999999999
 38 29 33 48 70 94115129132126113 97 85 80 83 95113131144147138119 94 6823 920D8 749132184614899999999999999 111 2913 7 8099999999999999
 46 32 29 36 51 71 93110121123119110101 95 95101113127139144140127106 8223 921D8 84912319 614499999999999999 149 291332 9499999999999999
 60 43 33 31 38 51 68 86101111115115112109108110116125133139138131117 9923 922D81027116192913999999999999999 240 31135310899999999999999
 79 61 46 37 35 38 47 60 75 8910211011611912012112212412713013212912311223 923D81956132999999999999999999999 355 35999999999999999999999
 99 84 68 54 43 36 35 39 49 63 79 9611112212913113012712312112112112111923 924D815 5131999999999999999999999 547 34999999999999999999999
115106 95 80 63 47 35 28 28 37 54 74 9711713113813813212211410810711011623 925D81526139999999999999999999999 725 27204310799999999999999
121123119108 91 70 48 30 19 19 30 50 77104127141145138125109 97 90 9210223 926D8 053123155014599999999999999 832 182115 9099999999999999
115128135133121100 74 47 25 13 15 30 56 87117138148145130110 90 76 72 8023 927D8 220135161414999999999999999 923 122148 7299999999999999
 98119137147145130104 73 44 22 13 19 40 70103131148150137114 88 67 55 5723 928D8 32014816371519999999999999910 6 132221 5499999999999999
 73 98125147157152133104 71 42 24 20 32 58 91122144152144122 93 65 45 3823 929D8 4111571659152999999999999991044 192255 3899999999999999
 48 71101131153161153131101 69 45 32 35 53 82113138151148130102 70 43 2723 930D8 4591611720152999999999999991119 322329 2599999999999999
 27 44 72106136155159148125 97 70 52 48 57 79106132149151138112 80 49 262310 1D8 5451591739152999999999999991150 47999999999999999999999
 17 24 46 77110136151152139118 94 75 65 67 81104127145151143122 93 61 342310 2D8 631153175715199999999999999 0 5 171219 6499999999999999
 18 15 27 51 81111133143141129111 94 83 80 88104123140149145130106 77 492310 3D8 718144181414999999999999999 041 141244 8099999999999999
 28 17 20 34 58 85109126132129119107 97 93 96106121135144144134116 91 662310 4D8 8 9132183214599999999999999 119 1713 5 9399999999999999
 44 29 24 29 43 64 86104116121119113107103104109119129137139134121103 832310 5D8 9 9121184913999999999999999 2 1 24132210399999999999999
 63 47 37 34 39 51 67 83 97107111112111109110112117123128131129122110 962310 6D8104411219 613199999999999999 251 34132810999999999999999
 81 67 56 48 45 47 55 66 79 911001071111131141151161171191201191161111042310 7D819 8120999999999999999999999 4 2 45999999999999999999999
 96 86 76 66 58 52 51 55 63 74 86 981071141181191171141111081061051051052310 8D81446119999999999999999999999 542 51999999999999999999999
104101 95 86 75 64 55 51 53 60 73 87102114122124121114106 98 92 91 941002310 9D81455124999999999999999999999 712 512045 9199999999999999
106110110105 94 79 64 53 47 50 60 76 95112124130127118105 91 81 77 79 88231010D8 132111151113099999999999999 812 4721 6 7799999999999999
101112120120112 97 78 60 47 43 50 65 86108125135135125109 90 74 64 64 73231011D8 232121152913699999999999999 854 432131 6399999999999999
 89108123130128115 95 73 54 43 43 55 76101124139142134116 93 71 56 50 57231012D8 315131154814399999999999999 928 422156 5099999999999999
 74 96118134138131113 89 65 48 42 49 68 94120139148142125100 73 52 40 42231013D8 35313816 714899999999999999 958 422222 3999999999999999
 57 81108130143142129107 81 60 47 48 62 86113137150149134109 79 53 35 30231014D8 4281441626151999999999999991027 462248 3099999999999999
 40 63 92120140148142124100 76 58 53 61 80107132149153142118 88 57 34 23231015D8 5 41481645153999999999999991055 532315 2399999999999999
 27 44 72103130146149138118 94 74 63 64 78101126146154148127 98 65 38 21231016D8 54115017 3154999999999999991123 622343 1799999999999999
 17 28 52 82113136147145132112 92 77 73 81 98121141153151135109 77 46 24231017D8 6211481723154999999999999991151 73999999999999999999999
 13 17 34 60 90118137144139126108 94 86 87 99117136150152142120 90 59 33231018D8 7 4144174315399999999999999 014 131220 8599999999999999
 17 13 21 40 67 94118132137132121108 99 97102115130144150145129105 76 49231019D8 75613718 615099999999999999 049 121249 9799999999999999
 28 17 16 27 45 69 93113125129126119112108109115126137144144135117 94 69231020D8 9 2129183114599999999999999 131 15132010899999999999999
 46 30 22 23 32 48 67 87104116122123121118117118123129135137134124108 89231021D81045123185913799999999999999 225 2114 111799999999999999
 70 52 38 30 29 35 46 62 79 96109118124126125123122122124125125123116106231022D813 8126193712699999999999999 341 29162512299999999999999
 92 78 63 49 39 34 35 42 55 72 90107120128131130124118113111110112113113231023D814 4131222211399999999999999 522 34193311099999999999999
109102 91 76 61 46 36 33 38 51 69 90110126135136129118106 96 92 93100108231024D81435136999999999999999999999 655 332015 9299999999999999
115119116105 89 70 51 38 32 37 51 73 97120135141136122104 86 75 72 78 91231025D8 1 311915 114199999999999999 8 3 322049 7199999999999999
108123131130118 99 76 54 39 34 41 59 84110132143142129107 83 63 52 53 67231026D8 223132152514499999999999999 855 342123 5199999999999999
 88113132143141128105 79 56 42 40 51 73101126143147137115 86 59 39 32 40231027D8 322144154714899999999999999 939 392157 3299999999999999
 62 91120142152148132107 81 60 49 52 68 93120141150145125 96 63 35 19 19231028D8 41315316 9150999999999999991017 492232 1799999999999999
 34 63 97128149157150131106 82 66 61 69 89114137151151136108 74 41 17  7231029D8 5 01571631153999999999999991052 6123 7  799999999999999
 13 36 68104134152156146127104 85 74 76 89110132149154144122 90 55 25  6231030D8 5451561652154999999999999991124 742342  299999999999999
  3 16 42 76110136150150139121102 89 85 92107127144153149132105 72 41 16231031D8 6301511714153999999999999991153 85999999999999999999999
  4  7 24 52 84114134143141130115102 95 96106121137148149139118 90 60 332311 1D8 715144173615099999999999999 019  41221 9499999999999999
 16 10 17 35 62 90114129135131122111103101106116129140145140126104 78 542311 2D8 8 313518 014599999999999999 057 10124810199999999999999
 33 22 20 29 47 70 93111122126122116110106107112121130136135127113 93 732311 3D8 857126182613799999999999999 139 19131910699999999999999
 54 39 32 32 41 56 75 93107116118117114110109110114119124126123115103 882311 4D810 6118185512699999999999999 226 3114 310999999999999999
 73 59 49 43 43 50 62 77 92103111115116114112110109110111113113110105 982311 5D81142116193311399999999999999 326 4216 610999999999999999
 89 78 68 58 53 52 56 65 78 91102111116118116113108103100 98 991001011012311 6D81258118222610199999999999999 442 511911 9899999999999999
 99 94 86 76 67 59 56 59 67 79 93106116122122118110100 92 85 83 86 91 972311 7D81337123999999999999999999999 6 4 561957 8399999999999999
103105102 95 84 72 62 58 60 69 83 99113124128125116102 88 76 69 70 76 872311 8D8 05910514 612899999999999999 711 582028 6899999999999999
100109114111102 88 74 63 58 62 74 91109124133133124108 89 71 58 54 59 732311 9D8 2 8114143013499999999999999 8 2 582056 5499999999999999
 90107120124119106 89 73 63 60 68 83103123136140133117 94 71 52 41 42 55231110D8 257124145314099999999999999 844 602124 4099999999999999
 75 98119131133124108 89 72 64 65 77 97119136145142127103 75 50 33 28 36231111D8 340134151514599999999999999 921 632153 2899999999999999
 56 83110131141139126107 87 73 68 75 91113134147149137114 84 54 31 18 20231112D8 420142153715099999999999999 956 682222 1799999999999999
 36 63 93121141147141125105 87 76 76 88107129147153146126 96 63 34 15  9231113D8 5 014716 0153999999999999991029 752253  999999999999999
 18 41 71104131147149140122103 89 83 88103124143154153137110 77 44 18  4231114D8 54215016241559999999999999911 2 832327  399999999999999
  5 21 48 80112136148147136119103 93 92101118137152156146124 93 60 29  8231115D8 6261491649156999999999999991135 91999999999999999999999
  0  7 26 55 87116136145142131117105100103114130146154152136110 79 47 21231116D8 714145171715599999999999999 0 4  012 9 9999999999999999
  5  2 12 33 61 91116133139137127117109107112123137148151143125 98 69 41231117D8 8 9140174915199999999999999 045  1124610699999999999999
 19  8  7 18 39 65 91113127133131125117112112118127137143142132114 90 65231118D8 912133182414499999999999999 132  6133111299999999999999
 41 24 15 16 26 44 67 90109122128128124119115114118123130133131122107 88231119D8102912919 913399999999999999 226 14144011499999999999999
 67 48 33 25 25 33 48 68 88105118125127124119114111111113117120119114104231120D81149127202212099999999999999 332 24163611099999999999999
 91 75 59 46 37 35 40 52 69 88105118126128124117108101 97 97100105109110231121D81249128224511099999999999999 448 351828 9699999999999999
107 99 87 73 59 49 44 47 57 72 91108122130130122110 96 84 78 77 83 93103231122D81330131999999999999999999999 6 9 441932 7799999999999999
111114110101 87 72 59 53 54 63 79 98116129134129116 98 79 64 56 58 69 85231123D8 05711414 213499999999999999 721 522018 5699999999999999
102117124123113 98 82 68 61 62 73 90109126137137126106 81 58 41 36 42 59231124D8 222125143013899999999999999 820 602058 3699999999999999
 83106125135134123106 89 75 68 72 85103123137143136117 91 62 37 22 20 33231125D8 324135145714399999999999999 9 9 682136 1999999999999999
 57 86113134143141128111 93 80 77 83 99118136146145130105 73 42 18  7 12231126D8 417144152314799999999999999 951 772214  799999999999999
 31 60 92121141148143129111 95 86 86 96113132146150142120 90 56 26  6  0231127D8 5 41481551151999999999999991029 842251  099999999999999
 11 35 67101128145149141126109 96 91 95108126143152149134107 75 42 15  0231128D8 54814916191529999999999999911 3 912329 -299999999999999
  0 16 43 77108132145145135121106 97 96104119135148151143123 94 62 32 10231129D8 6301461648152999999999999991136 95999999999999999999999
  1  7 26 54 86114133141138128114103 98101111126140148146133110 82 52 27231130D8 712141172014899999999999999 0 8  11210 9899999999999999
 11  8 17 38 65 94117131135130120109101100105116128139142136121 98 72 472312 1D8 754135175314299999999999999 047  7124510099999999999999
 27 17 17 29 50 76100118127128123114105100101107116126133132124109 88 662312 2D8 837129182813499999999999999 127 16132610099999999999999
 46 32 25 29 42 62 84104117124123117110103 99100105113120123121113 99 822312 3D8 92312419 912399999999999999 2 9 251419 9999999999999999
 65 49 39 36 41 54 71 90106117121119114107101 97 97100105110112110104 932312 4D8101212120 411299999999999999 253 361536 9799999999999999
 80 67 55 48 46 52 64 80 96109117120118112105 98 93 90 91 94 98101102 992312 5D811 4120213810299999999999999 342 461715 9099999999999999
 92 83 73 63 57 57 62 72 86100112119121118111102 92 84 79 79 82 88 94 982312 6D811541212349 9999999999999999 439 561838 7999999999999999
 99 96 90 81 73 67 65 70 80 93106117123124119109 96 83 72 66 65 71 80 902312 7D81237124999999999999999999999 543 651932 6599999999999999
 99104104 99 90 81 74 73 77 86 99113123128126117103 85 69 56 50 53 62 772312 8D8 129105131412899999999999999 649 722013 5099999999999999
 92106114115109 99 88 81 78 83 94108121131133127113 93 71 52 39 36 42 582312 9D8 237115134713399999999999999 750 782050 3699999999999999
 78 99116125125118106 93 85 84 90102118131138137125104 79 54 34 23 24 36231210D8 332126141913999999999999999 842 832126 2299999999999999
 58 84108127135134124110 97 89 89 98112129141145137119 92 63 36 17 10 16231211D8 419136145114599999999999999 928 8822 3 1099999999999999
 34 62 92118136143139126111 98 92 96107124139149148134109 78 46 19  3  0231212D8 5 51431524150999999999999991010 922241  099999999999999
 12 36 68100127143147140126111100 97103117134148154147127 98 64 31  7 -6231213D8 5501471558154999999999999991050 962322 -799999999999999
 -4 13 41 75107132146147138123109101101110126143154155142118 86 51 20 -1231214D8 6351481634156999999999999991129100999999999999999999999
-10 -3 17 47 81112134145143133120108102105116132147155151135108 75 42 14231215D8 722145171215599999999999999 0 4-10121010299999999999999
 -4 -8  2 24 55 88115134141138128115106103108119134146150143125 98 67 37231216D8 8 9141175415099999999999999 048 -8125310399999999999999
 13  0 -1 11 34 64 93117132136132122111103102107118131140142133116 91 64231217D8 857136184114299999999999999 134 -2134310199999999999999
 38 19  9 11 24 46 73 98118129131125116106 99 97102111122129130122108 87231218D8 945131193613099999999999999 221  81444 9799999999999999
 65 44 29 23 26 39 59 81102118126126120110100 92 90 92100108115117113103231219D81032127205011799999999999999 311 2216 0 9099999999999999
 88 71 55 44 40 43 54 71 90107119124123116105 93 83 78 78 84 93101106107231220D81118124223810799999999999999 4 4 401724 7899999999999999
102 93 82 70 61 57 60 69 82 98111120124121112 98 84 71 63 62 67 77 88 98231221D812 2124999999999999999999999 5 6 571841 6199999999999999
105106102 95 86 78 73 74 81 92105116124126120108 91 72 56 46 45 51 64 80231222D8 045106124512699999999999999 619 731943 4499999999999999
 96108114113108 99 91 86 85 90100112122129128120103 82 59 41 30 29 39 56231223D8 227114132613099999999999999 735 852034 2899999999999999
 77 98114123124118109100 93 92 97107119130134131118 97 71 46 26 16 18 32231224D8 33812414 713599999999999999 841 922120 1599999999999999
 54 80104122132132125114103 96 96103114127137139132114 89 59 33 13  6 12231225D8 430133144614099999999999999 933 9522 3  699999999999999
 31 57 87112130138135126113102 96 98107121135143142130108 79 48 21  5  1231226D8 5131381525144999999999999991016 962244  199999999999999
 12 35 65 96121136140134122108 98 95100112128141147142125 99 68 37 13  0231227D8 55114016 4147999999999999991054 952323 -199999999999999
  2 18 45 76106128139138129115102 94 94103117133144146137117 88 57 28  8231228D8 6271401642147999999999999991129 93999999999999999999999
  0  7 28 57 88115132138133121107 95 90 94105121136144142129105 76 47 22231229D8 7 1138172014499999999999999 0 1  012 5 9099999999999999
  7  5 18 41 71 99122133134126112 99 90 88 95108123135139133117 93 66 39231230D8 733135175713999999999999999 038  41242 8899999999999999
 20 11 15 31 56 84109125131127116103 91 85 86 95108122131132123106 83 58231231D8 8 4131183613399999999999999 113 111320 8599999999999999
